226
599 398
328 71
167 514
44 122
350 594
160 572
3 533
106 471
13 563
98 203
432 436
515 29
424 200
420 571
383 79
258 587
510 152
141 47
58 558
494 438
430 478
244 497
475 464
380 93
30 107
508 47
476 371
164 137
536 321
273 453
442 321
45 577
313 477
58 130
115 566
568 202
301 346
260 416
211 343
318 196
222 83
144 253
532 170
293 582
102 532
353 491
71 426
388 364
581 429
559 372
534 504
237 295
306 597
25 68
268 591
105 147
463 449
459 32
5 576
563 103
88 542
280 425
545 387
398 253
24 447
185 196
366 121
369 201
34 410
107 528
277 506
259 494
260 533
359 209
434 154
562 383
436 57
428 226
54 581
97 35
357 354
172 573
483 175
349 456
332 459
113 349
212 394
181 458
205 347
498 551
145 36
437 472
225 291
27 562
576 430
364 497
474 348
549 528
580 38
545 492
466 205
306 362
40 441
9 31
488 51
188 116
312 549
203 455
118 365
235 320
521 394
241 143
43 21
252 47
171 462
345 209
478 12
404 179
451 369
453 458
221 110
575 438
65 74
189 67
94 525
568 136
248 374
408 303
376 339
463 116
362 342
200 344
16 186
453 327
269 582
370 273
565 7
11 574
596 338
596 589
332 183
295 80
385 308
370 388
426 441
551 385
62 395
154 491
101 270
384 425
522 101
9 306
324 273
58 518
598 186
24 391
488 171
210 588
200 546
124 193
525 326
420 489
473 192
466 567
193 460
94 98
548 529
34 330
512 236
483 420
545 460
112 323
68 175
398 447
15 499
317 499
428 472
499 63
167 11
234 191
302 62
65 140
276 129
364 179
171 537
555 237
304 108
234 336
261 505
558 117
10 180
525 592
377 484
452 352
360 66
500 362
296 420
134 82
12 210
25 371
337 464
246 573
550 523
333 473
63 307
511 440
246 112
405 157
282 179
222 147
520 402
196 466
158 585
39 348
378 516
500 49
551 562
116 277
178 93
363 192
220 516
20 187
95 585
27 135
171 139
199 512
136
464 215
254 489
41 576
520 573
93 439
76 244
587 466
143 22
549 364
408 108
394 322
3 501
302 546
182 455
85 244
579 117
548 464
443 97
36 326
341 445
170 6
413 561
389 136
462 189
198 228
30 371
127 22
358 233
475 513
568 415
351 135
251 87
189 145
226 258
355 573
395 161
178 154
466 8
89 580
161 556
435 319
522 102
513 555
533 365
133 211
448 214
7 2
314 21
477 373
535 228
422 527
45 534
566 8
557 49
97 205
123 52
42 154
182 229
576 200
219 473
168 56
367 527
79 84
171 194
273 479
284 556
169 373
386 10
319 419
484 258
249 399
443 137
194 447
281 49
498 314
90 150
540 533
391 462
282 71
498 67
545 263
325 8
84 255
54 453
555 12
376 462
88 16
401 301
5 106
568 221
279 430
13 163
499 403
418 347
354 63
150 32
132 468
148 79
378 370
227 51
528 97
165 246
577 315
257 202
436 143
196 441
332 405
308 537
503 457
160 36
186 221
198 573
393 282
499 400
531 401
371 144
580 530
449 530
131 417
122 184
514 422
92 168
27 174
455 204
489 190
519 235
567 265
223 489
105 34
117 461
375 442
319 502
413 291
542 155
42 63
510 440
184
82 518
543 487
415 295
155 29
371 596
63 418
396 58
80 223
484 12
132 390
454 300
427 189
544 363
112 567
404 589
337 367
96 102
486 434
413 254
96 468
142 44
91 386
155 494
316 468
573 531
555 149
67 138
139 113
319 238
504 580
61 81
177 311
326 468
317 592
523 114
236 54
140 307
283 312
479 388
24 524
446 557
237 391
518 197
279 281
409 83
96 80
547 336
260 65
198 577
301 204
230 490
370 461
2 225
347 435
110 321
580 359
455 162
262 45
391 496
146 477
443 426
219 339
287 415
266 188
217 158
180 161
28 538
290 25
128 427
355 46
258 81
398 73
318 142
107 228
570 512
271 396
559 447
228 262
518 353
423 223
177 83
160 4
475 217
454 178
492 593
253 91
145 233
62 36
444 495
115 258
236 128
146 553
39 545
535 112
48 479
423 57
466 497
327 139
569 330
127 103
237 103
179 126
127 577
440 279
425 331
594 300
252 418
283 176
551 508
171 493
339 557
158 43
518 102
98 14
382 416
274 469
224 499
69 293
564 505
532 213
423 554
499 150
215 118
153 412
508 181
510 181
568 356
113 173
411 233
490 169
109 381
308 35
64 301
345 409
102 69
462 397
467 411
307 365
387 428
9 470
202 524
589 50
190 138
174 43
23 373
467 40
479 497
230 62
221 96
396 326
223 523
38 167
586 69
358 113
364 495
307 288
363 101
590 170
564 246
317 428
384 293
373 131
561 186
268 584
364 428
343 191
312 163
224 584
545 193
345 579
97 523
477 376
497 489
161 420
53 160
406 583
287 1
492 372
196 87
467 459
182 306
428 87
309 441
290 419
