19
202 410
372 488
498 104
507 13
299 251
224 33
395 180
575 55
78 549
484 317
337 159
176 260
100 312
344 1
81 542
506 237
273 422
222 100
195 525
26
235 406
79 513
424 168
103 529
307 437
325 295
231 582
46 565
395 276
382 214
174 119
203 498
92 436
471 173
127 321
596 53
367 357
567 1
182 509
476 172
316 265
37 92
197 164
244 309
323 97
283 58
42
316 477
176 185
377 119
592 326
285 541
392 148
484 375
558 197
340 330
305 522
102 167
192 200
70 127
247 166
464 406
357 244
254 445
518 480
131 321
505 106
487 448
540 308
127 307
524 415
537 416
578 428
379 283
203 500
6 543
295 299
113 13
423 94
248 466
389 254
4 470
261 34
493 366
479 205
318 439
331 342
524 378
54 97
37
335 76
153 213
150 570
63 553
475 554
509 73
358 384
281 358
192 333
409 173
155 489
194 322
319 175
29 44
580 581
248 369
286 177
182 102
281 39
82 178
6 192
499 258
441 7
498 570
138 214
389 566
105 75
395 196
513 170
82 162
199 157
17 101
476 26
357 531
518 583
191 131
183 289
48
393 224
308 110
579 224
575 526
434 566
187 408
448 362
172 262
217 373
485 492
362 549
431 184
126 285
315 61
366 394
366 98
306 284
496 38
215 147
30 132
585 114
112 436
576 36
197 6
322 206
431 574
426 199
141 162
136 271
175 443
426 83
550 331
171 575
418 218
241 50
164 318
72 254
122 52
468 175
350 90
406 265
330 360
503 124
152 17
26 568
414 239
395 123
577 131
31
135 378
500 376
184 202
46 389
209 168
492 456
203 39
453 310
178 563
557 59
597 262
229 229
309 465
209 487
179 80
350 398
395 410
572 571
371 562
455 179
506 569
532 525
437 536
305 520
59 16
574 557
564 427
82 366
494 67
516 551
558 68
10
297 432
279 545
494 441
125 372
90 440
317 317
201 458
90 520
127 450
376 526
11
578 230
9 546
430 152
277 593
582 548
476 311
411 105
46 121
47 47
200 25
580 460
22
546 259
517 204
488 372
166 134
351 208
456 31
254 26
476 442
403 236
196 268
357 581
459 484
330 556
100 461
447 143
362 154
322 471
39 150
319 473
402 428
149 29
535 214
34
173 136
405 212
404 470
88 441
55 345
583 134
360 421
593 483
527 42
263 222
44 598
23 505
43 347
558 576
395 283
219 93
501 225
551 55
544 19
402 163
395 99
31 296
503 83
60 7
494 88
531 439
442 389
478 466
251 166
533 13
183 468
460 464
423 147
64 216
