# --- Points ---
P 78 549
P 81 542
P 100 312
P 176 260
P 195 525
P 202 410
P 222 100
P 224 33
P 273 422
P 299 251
P 337 159
P 344 1
P 372 488
P 395 180
P 484 317
P 498 104
P 506 237
P 507 13
P 575 55
# --- Lines ---
E -225226 -100000 -98 56
E -99837 -8845 -265 397
E -26387 -100000 297 68
E -265 397 87 426
E -265 397 143 573
E -98 56 32 132
E -98 56 297 68
E 32 132 173 337
E 32 132 232 189
E 87 426 127 463
E 87 426 173 337
E 127 463 143 573
E 127 463 228 469
E 143 573 20539 100000
E 173 337 242 325
E 228 469 251 331
E 228 469 284 511
E 232 189 242 325
E 232 189 254 178
E 242 325 251 331
E 251 331 368 349
E 254 178 305 78
E 254 178 348 217
E 284 511 378 370
E 284 511 21081 100000
E 297 68 305 78
E 305 78 397 82
E 348 217 393 278
E 348 217 397 82
E 368 349 378 370
E 368 349 393 278
E 378 370 152492 100000
E 393 278 425 257
E 397 82 401 81
E 401 81 422 50
E 401 81 468 172
E 422 50 524 60
E 422 50 7787 -100000
E 425 257 468 172
E 425 257 1918 668
E 468 172 591 165
E 524 60 591 165
E 524 60 62326 -100000
E 591 165 1918 668
E 1918 668 287906 100000
E 21081 100000 21081 100000
E 21081 100000 21081 100000
E 21081 100000 21081 100000
E 21081 100000 21081 100000
E 21081 100000 21081 100000
E 21081 100000 21081 100000
E 21081 100000 21081 100000
E 21081 100000 21081 100000
E 21081 100000 21081 100000
